wl;motor_pos
902.2499292;7.3134 
902.1193969;7.3265 
901.8700927;7.3397 
901.5449979;7.3529 
901.2414939;7.3661 
900.979696;7.3793 
900.6820651;7.3925 
900.3733768;7.4056 
900.1033368;7.4188 
899.7861058;7.4320 
899.491135;7.4452 
899.2065774;7.4584 
898.9313331;7.4715 
898.6137721;7.4847 
898.2608183;7.4979 
898.0290062;7.5111 
897.7039865;7.5243 
897.401919;7.5375 
897.0794272;7.5506 
896.7958925;7.5638 
896.5021349;7.5770 
896.227645;7.5902 
895.903755;7.6034 
895.6249362;7.6166 
895.3330948;7.6297 
895.0443832;7.6429 
894.7605971;7.6561 
894.4350747;7.6693 
894.1505538;7.6825 
893.8043311;7.6957 
893.4809014;7.7088 
893.1770805;7.7220 
892.8634318;7.7352 
892.543461;7.7484 
892.2448759;7.7616 
891.9859501;7.7747 
891.6864439;7.7879 
891.3921957;7.8011 
891.0757052;7.8143 
890.7877447;7.8275 
890.5332316;7.8407 
890.2355539;7.8538 
889.91278;7.8670 
889.6264175;7.8802 
889.335482;7.8934 
889.0172484;7.9066 
888.6820559;7.9198 
888.3915931;7.9329 
888.1106854;7.9461 
887.787112;7.9593 
887.4803764;7.9725 
887.2226156;7.9857 
886.9369929;7.9989 
886.6579909;8.0120 
886.3655096;8.0252 
886.0757109;8.0384 
885.7982406;8.0516 
885.5034846;8.0648 
885.2041464;8.0779 
884.8905553;8.0911 
884.6105071;8.1043 
884.281891;8.1175 
883.9776522;8.1307 
883.6837433;8.1439 
883.3959236;8.1570 
883.1006223;8.1702 
882.781146;8.1834 
882.5090676;8.1966 
882.2449953;8.2098 
881.9263228;8.2230 
881.6381441;8.2361 
881.3578544;8.2493 
881.1017687;8.2625 
880.8145351;8.2757 
880.5084202;8.2889 
880.1926049;8.3021 
879.9100568;8.3152 
879.5575684;8.3284 
879.2753296;8.3416 
878.9716907;8.3548 
878.6503163;8.3680 
878.3547256;8.3811 
878.0897463;8.3943 
877.8152786;8.4075 
877.5102915;8.4207 
877.2224008;8.4339 
876.9581933;8.4471 
876.6677214;8.4602 
876.3945226;8.4734 
876.0842532;8.4866 
875.8008184;8.4998 
875.50679;8.5130 
875.2085138;8.5262 
874.8853021;8.5393 
874.5867706;8.5525 
874.2711944;8.5657 
873.9692869;8.5789 
873.6772598;8.5921 
873.4020239;8.6053 
873.0916946;8.6184 
872.809975;8.6316 
872.5310241;8.6448 
872.2506273;8.6580 
871.9519492;8.6712 
871.6454076;8.6843 
871.3723578;8.6975 
871.0829632;8.7107 
870.7626097;8.7239 
870.4579816;8.7371 
870.1173748;8.7503 
869.8040863;8.7634 
869.5501785;8.7766 
869.2242086;8.7898 
868.9484071;8.8030 
868.6428705;8.8162 
868.3842346;8.8294 
868.0661455;8.8425 
867.7995582;8.8557 
867.5191478;8.8689 
867.2385921;8.8821 
866.9476297;8.8953 
866.651269;8.9085 
866.3756109;8.9216 
866.0425683;8.9348 
865.7572161;8.9480 
865.4680905;8.9612 
865.1577531;8.9744 
864.8615966;8.9875 
864.5823667;9.0007 
864.3044314;9.0139 
864.018534;9.0271 
863.7277617;9.0403 
863.4583565;9.0535 
863.1814192;9.0666 
862.8929936;9.0798 
862.6119414;9.0930 
862.3420634;9.1062 
862.0484243;9.1194 
861.7315553;9.1326 
861.4658685;9.1457 
861.1254647;9.1589 
860.8280463;9.1721 
860.5446436;9.1853 
860.2614126;9.1985 
859.9617992;9.2117 
859.698166;9.2248 
859.4187715;9.2380 
859.1140227;9.2512 
858.8355275;9.2644 
858.5568495;9.2776 
858.2831803;9.2907 
857.9738204;9.3039 
857.700238;9.3171 
857.4256003;9.3303 
857.0799268;9.3435 
856.8043764;9.3567 
856.4890879;9.3698 
856.2018089;9.3830 
855.9089611;9.3962 
855.6308513;9.4094 
855.3295285;9.4226 
855.0634352;9.4358 
854.8044952;9.4489 
854.5031755;9.4621 
854.2409059;9.4753 
853.9345016;9.4885 
853.6863451;9.5017 
853.3730015;9.5148 
853.0718225;9.5280 
852.8147162;9.5412 
852.4873448;9.5544 
852.1737808;9.5676 
851.8765981;9.5808 
851.5810396;9.5939 
851.2880396;9.6071 
850.99315;9.6203 
850.7205886;9.6335 
850.4253033;9.6467 
850.1614134;9.6599 
849.8738871;9.6730 
849.5799031;9.6862 
849.3112166;9.6994 
849.0054116;9.7126 
848.7240071;9.7258 
848.4421718;9.7390 
848.1154316;9.7521 
847.8082011;9.7653 
847.5029479;9.7785 
847.1968407;9.7917 
846.9329771;9.8049 
846.6386271;9.8180 
846.3843264;9.8312 
846.0783764;9.8444 
845.8374908;9.8576 
845.5411943;9.8708 
845.2592179;9.8840 
844.9930585;9.8971 
844.6776214;9.9103 
844.4162734;9.9235 
844.1264268;9.9367 
843.8205514;9.9499 
843.5128679;9.9631 
843.2321498;9.9762 
842.9368032;9.9894 
842.6543447;10.0026 
842.3822355;10.0158 
842.1083763;10.0290 
841.8130529;10.0422 
841.5609224;10.0553 
841.3018297;10.0685 
841.0053658;10.0817 
840.7513121;10.0949 
840.4501211;10.1081 
840.1679576;10.1212 
839.8962557;10.1344 
839.5818645;10.1476 
839.2560935;10.1608 
839.0048125;10.1740 
838.6998534;10.1872 
838.4334198;10.2003 
838.1625957;10.2135 
837.8754172;10.2267 
837.6058179;10.2399 
837.3256069;10.2531 
837.0671646;10.2663 
836.7631319;10.2794 
836.5148296;10.2926 
836.2161776;10.3058 
835.9285946;10.3190 
835.6634624;10.3322 
835.352108;10.3454 
835.0466741;10.3585 
834.7854661;10.3717 
834.4788606;10.3849 
834.2084446;10.3981 
833.934466;10.4113 
833.6433939;10.4244 
833.3833708;10.4376 
833.1425828;10.4508 
832.8519283;10.4640 
832.5552585;10.4772 
832.3146792;10.4904 
832.0102346;10.5035 
831.7279668;10.5167 
831.4370398;10.5299 
831.1416883;10.5431 
830.8480668;10.5563 
830.5402904;10.5695 
830.2513502;10.5826 
830.0085982;10.5958 
829.7043554;10.6090 
829.4197321;10.6222 
829.1749269;10.6354 
828.8783302;10.6486 
828.5936842;10.6617 
828.3570609;10.6749 
828.0464994;10.6881 
827.7607279;10.7013 
827.4640056;10.7145 
827.2101004;10.7276 
826.9216206;10.7408 
826.5872499;10.7540 
826.3347685;10.7672 
826.0361995;10.7804 
825.7447562;10.7936 
825.5123727;10.8067 
825.2253089;10.8199 
824.9365882;10.8331 
824.6906233;10.8463 
824.4184856;10.8595 
824.1345019;10.8727 
823.8789271;10.8858 
823.5911796;10.8990 
823.2968476;10.9122 
823.0039508;10.9254 
822.7022994;10.9386 
822.438825;10.9518 
822.1593193;10.9649 
821.8648427;10.9781 
821.6415427;10.9913 
821.3339838;11.0045 
821.0800107;11.0177 
820.8211119;11.0308 
820.5566636;11.0440 
820.26797;11.0572 
820.0147455;11.0704 
819.7446949;11.0836 
819.474082;11.0968 
819.1817391;11.1099 
818.8949402;11.1231 
818.6170528;11.1363 
818.3443437;11.1495 
818.0298461;11.1627 
817.7870325;11.1759 
817.5232004;11.1890 
817.2381162;11.2022 
816.9731468;11.2154 
816.7402384;11.2286 
816.4623444;11.2418 
816.1798222;11.2550 
815.9323848;11.2681 
815.6231708;11.2813 
815.3776353;11.2945 
815.0805143;11.3077 
814.7939087;11.3209 
814.5229889;11.3340 
814.2306191;11.3472 
813.9742757;11.3604 
813.7082692;11.3736 
813.4300707;11.3868 
813.1968563;11.4000 
812.8989469;11.4131 
812.6304886;11.4263 
812.3918919;11.4395 
812.0794479;11.4527 
811.8419257;11.4659 
811.5791658;11.4791 
811.2927802;11.4922 
810.9870505;11.5054 
810.7089083;11.5186 
810.4209823;11.5318 
810.1459888;11.5450 
809.8677914;11.5582 
809.6314698;11.5713 
809.3542807;11.5845 
809.0664543;11.5977 
808.8339356;11.6109 
808.518948;11.6241 
808.2801973;11.6372 
808.0087773;11.6504 
807.7321495;11.6636 
807.4541339;11.6768 
807.1709463;11.6900 
806.883292;11.7032 
806.5739656;11.7163 
806.3221991;11.7295 
806.0518443;11.7427 
805.7732465;11.7559 
805.509285;11.7691 
805.2698001;11.7823 
804.9827354;11.7954 
804.7328353;11.8086 
804.4325574;11.8218 
804.1978218;11.8350 
803.9410198;11.8482 
803.6570409;11.8614 
803.3835147;11.8745 
803.0918209;11.8877 
802.816965;11.9009 
802.5323451;11.9141 
802.2605928;11.9273 
802.0111732;11.9404 
801.7409254;11.9536 
801.4745535;11.9668 
801.2312724;11.9800 
800.9504313;11.9932 
800.711868;12.0064 
800.4457062;12.0195 
800.1715107;12.0327 
799.9114393;12.0459 
799.6339954;12.0591 
799.3540927;12.0723 
799.0795473;12.0855 
798.7942261;12.0986 
798.5623647;12.1118 
798.2890801;12.1250 
798.0307305;12.1382 
797.7854436;12.1514 
797.524598;12.1646 
797.2632602;12.1777 
797.0273575;12.1909 
796.7654435;12.2041 
796.4945607;12.2173 
796.2504316;12.2305 
795.9520599;12.2436 
795.7003297;12.2568 
795.4071695;12.2700 
795.1407345;12.2832 
794.9179462;12.2964 
794.6243891;12.3096 
794.371376;12.3227 
794.0969381;12.3359 
793.8367235;12.3491 
793.5961756;12.3623 
793.3316849;12.3755 
793.0730165;12.3887 
792.8484441;12.4018 
792.585973;12.4150 
792.3082231;12.4282 
792.0282588;12.4414 
791.7536508;12.4546 
791.4812071;12.4677 
791.2053322;12.4809 
790.9721959;12.4941 
790.6939576;12.5073 
790.4356928;12.5205 
790.1980109;12.5337 
789.9245939;12.5468 
789.6825119;12.5600 
789.4163535;12.5732 
789.1502897;12.5864 
788.9070178;12.5996 
788.6171918;12.6128 
788.3843968;12.6259 
788.0758489;12.6391 
787.8031668;12.6523 
787.5461582;12.6655 
787.2668156;12.6787 
787.0396244;12.6919 
786.7517335;12.7050 
786.5178696;12.7182 
786.2598552;12.7314 
785.9953744;12.7446 
785.7535304;12.7578 
785.5068967;12.7709 
785.2276287;12.7841 
784.9935232;12.7973 
784.7272812;12.8105 
784.4560193;12.8237 
784.1787988;12.8369 
783.9153593;12.8500 
783.6709917;12.8632 
783.396374;12.8764 
783.1498725;12.8896 
782.8848804;12.9028 
782.6561624;12.9160 
782.3996679;12.9291 
782.1361763;12.9423 
781.8896587;12.9555 
781.6649921;12.9687 
781.3986279;12.9819 
781.1472917;12.9951 
780.8610492;13.0082 
780.6061432;13.0214 
780.3477481;13.0346 
780.0905036;13.0478 
779.83916;13.0610 
779.5837901;13.0741 
779.3572486;13.0873 
779.104717;13.1005 
778.844246;13.1137 
778.612744;13.1269 
778.3729281;13.1401 
778.1059994;13.1532 
777.8677806;13.1664 
777.6345145;13.1796 
777.3532713;13.1928 
777.1175151;13.2060 
776.8466909;13.2192 
776.5712546;13.2323 
776.3308394;13.2455 
776.0804202;13.2587 
775.8307329;13.2719 
775.5823735;13.2851 
775.3660014;13.2983 
775.1061831;13.3114 
774.84697;13.3246 
774.5892878;13.3378 
774.3862366;13.3510 
774.1219479;13.3642 
773.8744983;13.3773 
773.6108261;13.3905 
773.3498256;13.4037 
773.0960329;13.4169 
772.8371269;13.4301 
772.5971705;13.4433 
772.3531014;13.4564 
772.1150474;13.4696 
771.8750789;13.4828 
771.6179666;13.4960 
771.3667781;13.5092 
771.1185386;13.5224 
770.8673965;13.5355 
770.6405839;13.5487 
770.37799;13.5619 
770.1353424;13.5751 
769.8506307;13.5883 
769.5855616;13.6015 
769.3323951;13.6146 
769.1111602;13.6278 
768.8595636;13.6410 
768.6065029;13.6542 
768.3611523;13.6674 
768.1020163;13.6805 
767.8524918;13.6937 
767.6473469;13.7069 
767.3768701;13.7201 
767.1317864;13.7333 
766.8898814;13.7465 
766.6301914;13.7596 
766.3744209;13.7728 
766.1277806;13.7860 
765.865468;13.7992 
765.5992041;13.8124 
765.3811888;13.8256 
765.1317617;13.8387 
764.8792225;13.8519 
764.6309921;13.8651 
764.4177129;13.8783 
764.1235797;13.8915 
763.9288267;13.9047 
763.7135807;13.9178 
763.4319541;13.9310 
763.16851;13.9442 
762.9591848;13.9574 
762.7157617;13.9706 
762.4549607;13.9837 
762.1994168;13.9969 
762.0085697;14.0101 
761.724333;14.0233 
761.5141147;14.0365 
761.2701216;14.0497 
761.0322787;14.0628 
760.8049667;14.0760 
760.5652174;14.0892 
760.3064682;14.1024 
760.1182304;14.1156 
759.8445473;14.1288 
759.6254839;14.1419 
759.3419707;14.1551 
759.0989088;14.1683 
758.8521815;14.1815 
758.6204151;14.1947 
758.4045531;14.2079 
758.1964066;14.2210 
757.9492067;14.2342 
757.7026664;14.2474 
757.4750179;14.2606 
757.2298311;14.2738 
757.0162785;14.2869 
756.7832477;14.3001 
756.5295571;14.3133 
756.2847504;14.3265 
756.0448964;14.3397 
755.7903261;14.3529 
755.5931636;14.3660 
755.3313619;14.3792 
755.1031803;14.3924 
754.8638896;14.4056 
754.627079;14.4188 
754.4223709;14.4320 
754.1760868;14.4451 
753.9379356;14.4583 
753.73054;14.4715 
753.4803535;14.4847 
753.2494125;14.4979 
752.9984585;14.5111 
752.7602867;14.5242 
752.5174835;14.5374 
752.2459534;14.5506 
752.0330064;14.5638 
751.7947671;14.5770 
751.5581614;14.5901 
751.3556354;14.6033 
751.0969413;14.6165 
750.8667725;14.6297 
750.6398718;14.6429 
750.3808909;14.6561 
750.1508864;14.6692 
749.9200941;14.6824 
749.6940011;14.6956 
749.4335523;14.7088 
749.189875;14.7220 
748.9862212;14.7352 
748.7391983;14.7483 
748.5021649;14.7615 
748.3117491;14.7747 
748.063787;14.7879 
747.8250685;14.8011 
747.5973479;14.8143 
747.3527571;14.8274 
747.1610446;14.8406 
746.9229029;14.8538 
746.6795688;14.8670 
746.4806525;14.8802 
746.2190933;14.8933 
745.9674633;14.9065 
745.7667136;14.9197 
745.5021721;14.9329 
745.3012628;14.9461 
745.0781288;14.9593 
744.8606756;14.9724 
744.6314433;14.9856 
744.3936705;14.9988 
744.1686608;15.0120 
743.9598201;15.0252 
743.736773;15.0384 
743.5053245;15.0515 
743.3004695;15.0647 
743.0678077;15.0779 
742.8338537;15.0911 
742.5929234;15.1043 
742.3626585;15.1174 
742.1583072;15.1306 
741.9378104;15.1438 
741.7265667;15.1570 
741.5115523;15.1702 
741.2940193;15.1834 
741.0929826;15.1965 
740.8474144;15.2097 
